Dest IP192.168.1.194
13 35 117
13 35 216
13 35 317
13 35 417
13 35 518
13 35 618
13 35 719
13 35 819
13 35 920
13 36 21
13 36 121
13 36 222
13 36 322
13 36 423
13 36 523
13 36 624
13 36 724
13 36 825
13 36 925
13 37 26
13 37 126
13 37 227
13 37 328
13 37 428
13 37 529
13 37 629
13 37 730
13 37 831
13 37 931
13 38 32
13 38 132
13 38 233
13 38 333
13 38 434
13 38 519
13 38 619
13 38 719
13 38 819
13 38 919
13 39 19
13 39 120
13 39 220
13 39 320
13 39 420
13 39 520
13 39 620
13 39 721
13 39 821
13 39 922
13 40 22
13 40 123
13 40 224
13 40 324
13 40 425
13 40 525
13 40 626
13 40 726
13 40 827
13 40 927
13 41 28
13 41 128
13 41 229
13 41 330
13 41 430
13 41 530
13 41 631
13 41 732
13 41 832
13 41 933
13 42 33
13 42 134
13 42 234
